"run_code";"min_soil_depth_frac";"log_ksat";"log_recession_coef";"degree_day_factor";"average_ns_discharge";"baseflow_deviation";"general_performance"
"code__a__48";1;-0.5;0.5;"1";0.301070916945641;0.711985126208383;0.175860708330123
"code__a__13";1;1;0;"0.5";0.283583457201323;0.61765474744726;0.175305303958605
"code__a__33";1;-0.5;1;"0.5";0.302112911833667;0.723514148695985;0.17528890729574
"code__a__49";1;-0.5;1;"1";0.302387620280308;0.728788171351949;0.174913054873481
"code__a__32";1;-0.5;0.5;"0.5";0.298512184057213;0.708753970259285;0.174695824707823
"code__a__19";1;1;0;"1";0.28034135665499;0.617857614551419;0.173279375226552
"code__a__42";1;1;0.5;"0.5";0.291264975398454;0.696372473643144;0.171698715891641
"code__a__35";1;0;0.5;"0.5";0.296742399442203;0.732212514427852;0.171308310597338
"code__a__64";1;-0.5;0.5;"1.5";0.293629989443923;0.714092883500731;0.171303429510912
"code__a__39";1;0.5;0.5;"0.5";0.293128423515205;0.711555804150618;0.171264309819377
"code__a__38";1;0.5;0;"0.5";0.282197722556103;0.650076193199896;0.171021025404199
"code__a__11";1;-1;1;"0.5";0.277899363612674;0.629981878610128;0.17049230255838
"code__a__51";1;0;0.5;"1";0.295754547621641;0.735862890280554;0.170378979398448
"code__a__31";1;-0.5;0;"0.5";0.288371056647567;0.695426309040755;0.170087638200402
"code__a__58";1;1;0.5;"1";0.288502332786459;0.699086364554269;0.169798509837458
"code__a__25";1;1;0;"1.5";0.274574595842867;0.618237829865949;0.169675056889266
"code__a__47";1;-0.5;0;"1";0.287656264074718;0.696440442592732;0.169564611201489
"code__a__17";1;-1;1;"1";0.276519327526687;0.632305207445648;0.169404181439453
"code__a__55";1;0.5;0.5;"1";0.290431965992103;0.71474414127394;0.169373353727473
"code__a__65";1;-0.5;1;"1.5";0.292763230788797;0.731475237255103;0.169083117384291
"code__a__2";1;0;0;"0.5";0.287077824226462;0.699945492439446;0.168874723044502
"code__a__28";1;-1;0.5;"0.5";0.273364961373872;0.619213866711487;0.16882572895022
"code__a__44";1;-1;0.5;"1";0.273437890265369;0.62041933355778;0.168745141830054
"code__a__54";1;0.5;0;"1";0.276734363970197;0.650343981069554;0.167682838938129
"code__a__3";1;0;1;"0.5";0.296306105469103;0.771342274764495;0.167277724746053
"code__a__5";1;0;1;"1";0.296638346424026;0.776109849760394;0.167015765643124
"code__a__74";1;1;0.5;"1.5";0.283959374995544;0.700378937541924;0.166997701939332
"code__a__41";1;1;-0.5;"0.5";0.25983455123941;0.558174041842379;0.166755795092173
"code__a__67";1;0;0.5;"1.5";0.288761509312662;0.737769251372092;0.166167924242338
"code__a__63";1;-0.5;0;"1.5";0.28207297941141;0.697756233442916;0.166144570024278
"code__a__0";1;0;0;"1";0.282389692285077;0.700835018546878;0.166030031840677
"code__a__71";1;0.5;0.5;"1.5";0.284292800283833;0.715935181951487;0.1656780531538
"code__a__70";1;0.5;0;"1.5";0.272382564451338;0.650900916204165;0.164990255791737
"code__a__57";1;1;-0.5;"1";0.255979802104718;0.557236815824464;0.164380779791153
"code__a__60";1;-1;0.5;"1.5";0.266467766922;0.622192668404603;0.164263944790273
"code__a__23";1;-1;1;"1.5";0.267810128018051;0.6345538839417;0.1638429486168
"code__a__37";1;0.5;-0.5;"0.5";0.258869529295287;0.583330349752446;0.16349685290613
"code__a__7";1;0;0;"1.5";0.277343728927726;0.701795121990951;0.162971279764428
"code__a__40";1;0.5;1;"0.5";0.287243333355051;0.768187004682555;0.162450766007423
"code__a__56";1;0.5;1;"1";0.28652746263559;0.773309382775813;0.16157781908709
"code__a__8";1;0;1;"1.5";0.287274240964308;0.778053224813719;0.161566727562053
"code__a__10";1;-1;0;"0.5";0.26135392236589;0.619327654033438;0.161396565861706
"code__a__16";1;-1;0;"1";0.260402682655356;0.618873715452111;0.160854228572506
"code__a__73";1;1;-0.5;"1.5";0.249324199378949;0.557542023336679;0.160075423740304
"code__a__30";1;-0.5;-0.5;"0.5";0.263206839330615;0.658874887551307;0.158665877279714
"code__a__53";1;0.5;-0.5;"1";0.249789389204812;0.5819918236012;0.157895499507829
"code__a__22";1;-1;0;"1.5";0.255726736298179;0.620243906932006;0.157832246863627
"code__a__14";1;1;1;"0.5";0.277864943124621;0.761622526536536;0.157732396662139
"code__a__72";1;0.5;1;"1.5";0.279312908428205;0.773107241820157;0.157527363173747
"code__a__46";1;-0.5;-0.5;"1";0.26065793145841;0.657680857203162;0.157242529722031
"code__a__34";1;0;-0.5;"0.5";0.258373449204485;0.646573333962771;0.156915846913823
"code__a__20";1;1;1;"1";0.274873849675644;0.760924091942223;0.156096364933295
"code__a__69";1;0.5;-0.5;"1.5";0.246677354455538;0.582047087637062;0.155922890275014
"code__a__62";1;-0.5;-0.5;"1.5";0.255431366297536;0.658441214254468;0.154018945080524
"code__a__26";1;1;1;"1.5";0.270050515761154;0.761094732662248;0.153342412962032
"code__a__27";1;-1;-0.5;"0.5";0.245250528977362;0.607394917550149;0.152576399427187
"code__a__50";1;0;-0.5;"1";0.250447320757897;0.645224526306112;0.152226833938712
"code__a__43";1;-1;-0.5;"1";0.241832890341222;0.605952804517453;0.150585303416738
"code__a__66";1;0;-0.5;"1.5";0.247006169681131;0.645477254277725;0.150112175078077
"code__a__36";1;0.5;-1;"0.5";0.235078415626154;0.571904441440046;0.149550067694188
"code__a__29";1;-0.5;-1;"0.5";0.240564816239447;0.620224010323093;0.148476269149644
"code__a__9";1;-1;-1;"0.5";0.236816458668256;0.595949088784996;0.148385973169449
"code__a__12";1;1;-1;"0.5";0.232465550290282;0.566762767826891;0.148373164759789
"code__a__59";1;-1;-0.5;"1.5";0.237772981155923;0.606931139552281;0.147967125226144
"code__a__1";1;0;-1;"0.5";0.235573259181851;0.602653309266878;0.146989531559769
"code__a__45";1;-0.5;-1;"1";0.237148273609192;0.617965571936051;0.146571891097424
"code__a__61";1;-0.5;-1;"1.5";0.232012966613644;0.618054476545724;0.143390083570581
"code__a__18";1;1;-1;"1";0.224388348644815;0.566342290736944;0.143256266508161
"code__a__15";1;-1;-1;"1";0.227470712341544;0.593972065727677;0.142706837360854
"code__a__52";1;0.5;-1;"1";0.222181197813028;0.571049835377058;0.141422119661598
"code__a__4";1;0;-1;"1";0.225392840565423;0.601191683044724;0.140765682804966
"code__a__21";1;-1;-1;"1.5";0.223402683179859;0.59458901827201;0.140100477690453
"code__a__24";1;1;-1;"1.5";0.217572917334641;0.566683830389937;0.138874808761184
"code__a__68";1;0.5;-1;"1.5";0.218189898601564;0.571165742304512;0.138871344204293
"code__a__6";1;0;-1;"1.5";0.221274743174828;0.601258193498749;0.138188047419975
